126
2210.19 -1883.27 292.362 -477.448 88.5589 23.3076 
67
2105.12 -2086.58 -322.87 -455.942 -106.357 44.964 
118
2210.19 -2050.81 336.981 -461.645 83.0344 35.3419 
111
2105.12 -2171.06 329.403 -490.758 -72.2022 36.7089 
114
2210.19 -1883.27 336.981 -460.911 83.0344 23.3076 
116
2210.19 -2050.81 329.403 -479.338 60.6036 27.8923 
117
2325.99 -2068.29 336.981 -477.448 83.0344 48.2329 
120
2210.19 -2086.58 329.403 -477.448 60.6036 44.964 
111
2101.49 -1515.14 332.533 -633.743 157.544 123.947 
105
2101.49 -1515.14 331.645 -633.743 157.544 123.947 
121
2210.19 -2068.29 292.362 -490.758 83.0344 36.7089 
120
2105.12 -2086.58 329.403 -455.942 84.258 44.964 
94
2105.12 -2086.58 329.403 -455.942 -117.023 -57.0266 
127
2210.19 -1883.27 292.362 -477.448 83.0344 23.3076 
112
2210.19 -2068.29 329.403 -477.448 43.7386 36.7089 
123
2260.56 -2068.29 336.981 -477.448 53.5409 48.2329 
123
2210.19 -2037.84 336.981 -477.448 83.0344 23.3076 
116
2105.12 -2050.81 329.403 -475.342 -106.357 27.8923 
130
2210.19 -1515.14 336.981 -633.743 83.0344 123.947 
109
2101.49 -1504.16 331.645 -665.764 161.289 123.947 
