8
-3762.61 574.943 107.165 705.708 -113.829 354.44 
10
-3354.32 758.929 43.9274 -107.302 -558.802 563.783 
10
-2518.43 1847.23 31.1713 328.266 -573.43 5.10572 
11
-3082.45 571.044 -963.831 209.463 114.772 16.8437 
12
-3185.99 860.555 -139.155 94.3805 -190.48 -190.376 
13
-1731.56 -287.332 109.868 960.614 -351.672 -327.805 
18
-972.939 1278.74 -646.461 -2.93082 -380.94 -555.451 
22
-1055.96 608.553 -11.0796 30.9859 -238.715 -395.239 
25
-1692.96 475.986 302.504 -207.143 97.8847 -41.6627 
28
-211.424 2433.53 -226.203 -79.2727 180.25 365.438 
29
-1010.19 1791.25 -160.448 25.3358 323.099 -551.484 
38
1096.27 -171.439 -167.539 158.023 9.46256 -188.801 
38
116.057 1486.21 -84.4775 -774.489 518.951 -298.644 
45
20.2901 406.77 -180.766 -705.441 -697.828 -275.558 
51
-123.535 485.075 -160.414 -387.813 -63.7859 -110.763 
57
809.674 -556.575 -105.899 -1.60239 224.373 -35.8707 
65
1180.99 3158.72 202.525 -970.34 -10.3513 -45.68 
75
1384.24 -1082.71 643.864 -19.2157 -80.5524 -175.342 
84
2265.18 723.743 45.3547 -308.742 4.77565 282.085 
95
3121.42 1382.81 307.857 -742.277 82.2398 182.659 
