42
-6314.42 -1540.34 195.252 -711.021 175.523 27.4572 
66
6372.55 -1540.34 198.958 -711.021 234.537 -30.865 
63
6234.9 -1878.47 198.958 -711.021 196.971 33.776 
42
6058.57 -1820.44 203.012 -711.021 168.576 30.1918 
52
6372.55 -1552.21 -190.243 -711.021 198.207 23.2234 
45
-6510.17 -1540.34 198.958 -711.021 200.245 33.776 
49
6058.57 -1839.57 202.943 -711.021 200.245 33.776 
57
6234.9 -1732.7 198.958 -711.021 200.245 30.1918 
62
6372.55 -1540.34 198.958 -711.021 168.576 33.776 
67
6031.08 -1839.57 203.012 -711.021 200.245 23.2234 
65
6372.55 -1691.59 203.012 -711.021 211.45 33.776 
57
6058.57 -1906.05 201.76 -711.021 200.245 33.776 
62
6372.55 -1540.34 198.958 -711.021 200.245 33.776 
57
6372.55 -1691.59 203.012 -711.869 211.45 -28.2033 
53
6372.55 -1540.34 202.943 -711.021 200.245 33.776 
74
6058.57 -1839.57 203.012 -711.021 228.761 -30.865 
58
6372.55 -1540.34 203.012 -711.021 228.761 -30.865 
66
6372.55 -1540.34 203.012 -711.021 228.761 -30.865 
49
6372.55 -1759.42 -190.243 -711.021 207.828 33.776 
53
6372.55 -1759.42 -190.243 -711.021 207.828 39.767 
