53
-2583.08 -3276.3 503.927 -958.882 135.004 94.6931 
40
2689.55 3209.22 503.927 -959.699 135.004 109.88 
66
2622.16 -3113.55 430.164 -958.882 13.8931 123.971 
63
2610.56 -3113.55 498.644 -958.882 85.678 109.88 
62
2689.55 -3088.34 503.927 -958.882 107.943 120.139 
56
2689.55 -3113.55 468.833 -976.399 -50.663 120.139 
65
2894.45 -3023.59 468.833 -958.882 -53.9813 123.971 
67
2571.43 -3047.06 498.644 -958.882 133.299 109.88 
64
2689.55 -3276.3 503.927 -958.882 133.299 103.294 
60
2689.55 -3015.22 503.927 -974.794 135.004 109.88 
49
2894.45 -3113.55 468.833 -958.882 -53.9813 123.971 
54
2517.82 -3113.55 498.644 -958.882 133.299 89.0353 
66
2689.55 -3088.34 503.927 -958.882 135.004 120.139 
0
2689.55 -3113.55 468.833 969.851 -50.663 120.139 
24
2578.99 3222.8 430.164 -958.882 13.8931 94.6931 
61
2689.55 -3113.55 503.927 -960.656 135.004 120.139 
60
2689.55 -3015.22 503.927 -974.794 135.004 109.88 
58
2689.55 -3113.55 503.927 -958.882 133.299 120.139 
65
2689.55 -3276.3 503.927 -942.944 133.299 94.6931 
58
2689.55 -3015.22 503.927 -974.794 135.004 109.88 
