117
3718.32 -2694.14 394.935 -140.85 60.7866 31.4639 
124
3685.79 -2865.87 356.439 -165.753 60.7866 41.5414 
125
3718.32 -2694.14 394.935 -140.85 60.7866 40.4562 
122
3718.32 -2694.14 394.935 -140.85 60.7866 41.5414 
118
3708.82 -2735.78 358.243 -123.38 60.7866 41.5414 
129
3609.55 -2848.83 356.439 -123.38 78.5494 43.7294 
121
3685.79 -2654.55 394.935 -140.85 60.7866 34.6366 
131
3685.79 -2865.87 356.439 -103.028 60.7866 43.7294 
122
3609.55 -2848.83 354.76 -143.801 78.5494 28.366 
97
3718.32 -2692.21 356.439 -136.492 33.512 57.5356 
113
3718.32 -2694.14 394.935 -140.85 60.7866 34.6366 
103
3718.32 -2694.14 394.935 -140.85 -40.1561 41.5414 
111
3609.55 -2848.83 356.439 -140.85 -40.1561 34.6366 
106
3718.32 -2694.14 394.935 -143.801 33.512 57.5356 
128
3685.79 -2865.87 356.439 -103.028 60.7866 57.5356 
106
3718.32 -2712.47 356.439 -143.801 33.512 34.6366 
122
3614.87 -2715.67 398.189 -121.08 78.5494 28.366 
127
3718.32 -2692.21 356.439 -123.38 60.7866 41.5414 
88
3718.32 -2879.86 356.439 -150.776 8.75052 57.5356 
70
3718.32 -2712.47 354.884 -165.753 -57.4611 34.6366 
