133
1129.86 -846.567 101.538 -105.688 2.58489 0.575059 
124
1129.86 -846.567 125.223 -105.688 34.6958 0.575059 
115
1129.86 -846.567 101.538 -86.3232 2.58489 0.575059 
115
1129.86 -846.567 101.538 -86.3232 2.58489 0.575059 
124
1129.86 -846.567 101.538 -105.688 2.58489 0.575059 
111
1129.86 -846.567 101.538 -86.3232 2.58489 0.575059 
131
1129.86 -846.567 101.538 -105.688 2.58489 0.575059 
114
1129.86 -846.567 101.538 -76.27 2.58489 0.575059 
121
1083.76 -846.567 101.538 -105.688 2.58489 0.575059 
118
1129.86 -846.567 101.538 -86.3232 2.58489 0.575059 
83
1129.86 -846.567 -105.207 -86.3232 2.58489 0.575059 
105
1129.86 -941.403 101.538 -86.3232 2.58489 0.575059 
112
1129.86 -846.567 101.538 -86.3232 2.58489 0.575059 
109
1129.86 -846.567 101.538 -86.3232 2.58489 0.575059 
121
1129.86 -846.567 101.538 -105.688 2.58489 0.575059 
119
1129.86 -846.567 101.538 -105.688 2.58489 0.575059 
72
1129.86 -846.567 -105.207 -86.3232 2.58489 0.575059 
115
1129.86 -846.567 101.538 -86.3232 2.58489 0.575059 
125
1129.86 -846.567 101.538 -86.3232 2.58489 0.575059 
113
1129.86 -907.679 101.538 -86.3232 2.58489 0.575059 
