16
-1938.42 -504.643 -360.897 547.628 -61.0742 -296.448 
29
-688.474 -133.658 -322.582 240.617 269.18 338.634 
38
-1285.33 1423.34 360.341 119.009 76.7958 -162.558 
58
-804.711 -535.53 -703.5 144.025 -575.701 77.237 
61
133.777 1806.51 -300.276 -58.7473 483.695 10.4784 
74
2306.51 1760.43 -430.544 -93.3572 -284.379 119.753 
78
-441.711 690.491 322.068 3.55607 662.13 -78.0517 
82
1792.05 1926.07 -351.13 76.1752 -382.583 -581.167 
90
-482.834 430.643 302.175 -226.986 -370.885 -81.3061 
105
86.6096 124.868 27.2601 347.423 378.348 274.794 
116
3316.35 1130.04 -52.7469 -355.517 -396.804 416.862 
123
1308.69 1127.91 366.927 166.207 158.07 267.597 
147
3008.85 -911.55 417.364 -337.124 91.382 -387.936 
161
2606.52 -675.775 86.3243 -380.401 -140.234 841.197 
168
1059.71 1168.77 259.325 -504.662 -127.201 211.956 
178
2338.59 -1045.24 105.083 119.928 71.53 14.1402 
181
1265.45 -841.786 105.739 -73.2247 -123.988 249.305 
183
407.056 -2862.64 -90.0394 -536.729 5.46629 261.261 
189
555.537 -2764.32 190.429 0.819814 -42.7182 139.748 
203
3506.37 -1184.18 73.7608 -529.55 -47.8472 342.921 
